gen		trees	lumb	score
         1	 707	 421	  297647
         2	 931	 383	  356573
         3	1099	 383	  420917
         4	1226	 408	  500208
         5	1290	 461	  594690
         6	1295	 512	  663040
         7	1262	 550	  694100
         8	1185	 580	  687300
         9	1072	 612	  656064
        10	 941	 632	  594712
        11	 797	 599	  477403
        12	 681	 530	  360930
        13	 565	 506	  285890
        14	 458	 476	  218008
        15	 353	 460	  162380
        16	 277	 378	  104706
        17	 231	 300	   69300
        18	 202	 234	   47268
        19	 186	 193	   35898
        20	 181	 155	   28055
        21	 177	 143	   25311
        22	 183	 118	   21594
        23	 186	 129	   23994
        24	 192	 136	   26112
        25	 202	 134	   27068
        26	 217	 136	   29512
        27	 233	 131	   30523
        28	 254	 136	   34544
        29	 276	 144	   39744
        30	 301	 159	   47859
        31	 325	 170	   55250
        32	 352	 180	   63360
        33	 373	 199	   74227
        34	 398	 215	   85570
        35	 415	 231	   95865
        36	 426	 248	  105648
        37	 436	 260	  113360
        38	 448	 266	  119168
        39	 450	 279	  125550
        40	 452	 283	  127916
        41	 451	 290	  130790
        42	 443	 303	  134229
        43	 432	 315	  136080
        44	 429	 309	  132561
        45	 426	 294	  125244
        46	 431	 286	  123266
        47	 436	 282	  122952
        48	 437	 282	  123234
        49	 434	 276	  119784
        50	 428	 286	  122408
        51	 419	 293	  122767
        52	 416	 289	  120224
        53	 422	 286	  120692
        54	 414	 275	  113850
        55	 407	 276	  112332
        56	 397	 276	  109572
        57	 389	 284	  110476
        58	 383	 287	  109921
        59	 393	 235	   92355
        60	 411	 231	   94941
        61	 429	 236	  101244
        62	 446	 238	  106148
        63	 464	 241	  111824
        64	 488	 242	  118096
        65	 504	 262	  132048
        66	 517	 264	  136488
        67	 522	 280	  146160
        68	 522	 295	  153990
        69	 518	 311	  161098
        70	 512	 322	  164864
        71	 496	 337	  167152
        72	 483	 333	  160839
        73	 464	 323	  149872
        74	 445	 320	  142400
        75	 433	 304	  131632
        76	 423	 299	  126477
        77	 423	 264	  111672
        78	 427	 257	  109739
        79	 430	 258	  110940
        80	 429	 258	  110682
        81	 425	 261	  110925
        82	 428	 254	  108712
        83	 427	 257	  109739
        84	 431	 254	  109474
        85	 434	 258	  111972
        86	 445	 251	  111695
        87	 456	 260	  118560
        88	 484	 266	  128744
        89	 486	 280	  136080
        90	 490	 284	  139160
        91	 494	 292	  144248
        92	 496	 304	  150784
        93	 475	 329	  156275
        94	 476	 284	  135184
        95	 469	 289	  135541
        96	 464	 293	  135952
        97	 457	 298	  136186
        98	 445	 298	  132610
        99	 427	 302	  128954
       100	 418	 299	  124982
       101	 406	 291	  118146
       102	 402	 272	  109344
       103	 401	 261	  104661
       104	 407	 248	  100936
       105	 411	 245	  100695
       106	 423	 243	  102789
       107	 431	 252	  108612
       108	 437	 252	  110124
       109	 443	 266	  117838
       110	 452	 266	  120232
       111	 451	 280	  126280
       112	 455	 275	  125125
       113	 458	 279	  127782
       114	 464	 277	  128528
       115	 468	 286	  133848
       116	 481	 277	  133237
       117	 487	 284	  138308
       118	 500	 278	  139000
       119	 511	 287	  146657
       120	 521	 297	  154737
       121	 531	 308	  163548
       122	 525	 307	  161175
       123	 508	 319	  162052
       124	 492	 324	  159408
       125	 461	 339	  156279
       126	 444	 301	  133644
       127	 430	 296	  127280
       128	 422	 291	  122802
       129	 418	 275	  114950
       130	 419	 263	  110197
       131	 418	 251	  104918
       132	 421	 248	  104408
       133	 425	 241	  102425
       134	 434	 241	  104594
       135	 437	 254	  110998
       136	 452	 237	  107124
       137	 468	 248	  116064
       138	 487	 249	  121263
       139	 499	 262	  130738
       140	 520	 260	  135200
       141	 535	 276	  147660
       142	 553	 287	  158711
       143	 568	 299	  169832
       144	 585	 303	  177255
       145	 598	 318	  190164
       146	 619	 314	  194366
       147	 631	 324	  204444
       148	 639	 334	  213426
       149	 640	 340	  217600
       150	 629	 345	  217005
       151	 610	 354	  215940
       152	 589	 351	  206739
       153	 565	 356	  201140
       154	 543	 355	  192765
       155	 516	 361	  186276
       156	 506	 344	  174064
       157	 498	 327	  162846
       158	 498	 311	  154878
       159	 502	 306	  153612
       160	 505	 300	  151500
       161	 506	 291	  147246
       162	 498	 289	  143922
       163	 489	 294	  143766
       164	 482	 292	  140744
       165	 470	 301	  141470
       166	 468	 292	  136656
       167	 466	 289	  134674
       168	 475	 262	  124450
       169	 487	 264	  128568
       170	 501	 268	  134268
       171	 510	 282	  143820
       172	 530	 280	  148400
       173	 543	 296	  160728
       174	 559	 300	  167700
       175	 578	 301	  173978
       176	 602	 303	  182406
       177	 612	 325	  198900
       178	 617	 327	  201759
       179	 611	 348	  212628
       180	 596	 360	  214560
       181	 575	 376	  216200
       182	 552	 374	  206448
       183	 519	 386	  200334
       184	 504	 368	  185472
       185	 492	 347	  170724
       186	 486	 328	  159408
       187	 486	 312	  151632
       188	 494	 301	  148694
       189	 500	 292	  146000
       190	 508	 286	  145288
       191	 512	 291	  148992
       192	 517	 285	  147345
       193	 508	 296	  150368
       194	 503	 299	  150397
       195	 494	 306	  151164
       196	 491	 296	  145336
       197	 489	 300	  146700
       198	 501	 276	  138276
       199	 511	 288	  147168
       200	 524	 284	  148816
       201	 534	 292	  155928
       202	 545	 295	  160775
       203	 557	 298	  165986
       204	 569	 306	  174114
       205	 573	 320	  183360
       206	 576	 317	  182592
       207	 571	 328	  187288
       208	 565	 335	  189275
       209	 556	 346	  192376
       210	 548	 350	  191800
       211	 530	 362	  191860
       212	 525	 351	  184275
       213	 513	 345	  176985
       214	 508	 333	  169164
       215	 500	 334	  167000
       216	 501	 324	  162324
       217	 501	 314	  157314
       218	 510	 301	  153510
       219	 519	 306	  158814
       220	 531	 297	  157707
       221	 533	 303	  161499
       222	 539	 298	  160622
       223	 540	 302	  163080
       224	 533	 304	  162032
       225	 524	 313	  164012
       226	 521	 314	  163594
       227	 517	 312	  161304
       228	 521	 308	  160468
       229	 533	 291	  155103
       230	 545	 296	  161320
       231	 554	 298	  165092
       232	 569	 299	  170131
       233	 572	 312	  178464
       234	 577	 312	  180024
       235	 570	 324	  184680
       236	 560	 329	  184240
       237	 546	 340	  185640
       238	 534	 338	  180492
       239	 514	 348	  178872
       240	 506	 344	  174064
       241	 501	 328	  164328
       242	 506	 315	  159390
       243	 510	 311	  158610
       244	 521	 301	  156821
       245	 529	 299	  158171
       246	 541	 300	  162300
       247	 548	 314	  172072
       248	 561	 310	  173910
       249	 568	 318	  180624
       250	 583	 315	  183645
       251	 591	 324	  191484
       252	 601	 320	  192320
       253	 606	 330	  199980
       254	 599	 328	  196472
       255	 588	 337	  198156
       256	 582	 335	  194970
       257	 573	 344	  197112
       258	 571	 332	  189572
       259	 584	 302	  176368
       260	 600	 302	  181200
       261	 607	 313	  189991
       262	 612	 314	  192168
       263	 606	 327	  198162
       264	 597	 332	  198204
       265	 584	 341	  199144
       266	 570	 340	  193800
       267	 552	 348	  192096
       268	 544	 344	  187136
       269	 535	 335	  179225
       270	 537	 319	  171303
       271	 540	 313	  169020
       272	 549	 309	  169641
       273	 560	 304	  170240
       274	 572	 302	  172744
       275	 574	 317	  181958
       276	 582	 313	  182166
       277	 582	 327	  190314
       278	 586	 331	  193966
       279	 583	 343	  199969
       280	 591	 330	  195030
       281	 598	 335	  200330
       282	 613	 326	  199838
       283	 619	 332	  205508
       284	 623	 326	  203098
       285	 621	 337	  209277
       286	 621	 341	  211761
       287	 616	 352	  216832
       288	 618	 349	  215682
       289	 613	 351	  215163
       290	 617	 327	  201759
       291	 614	 332	  203848
       292	 606	 337	  204222
       293	 593	 346	  205178
       294	 581	 345	  200445
       295	 562	 355	  199510
       296	 553	 350	  193550
       297	 544	 339	  184416
       298	 546	 322	  175812
       299	 546	 320	  174720
       300	 554	 311	  172294
       301	 559	 306	  171054
       302	 570	 305	  173850
       303	 577	 317	  182909
       304	 584	 314	  183376
       305	 582	 326	  189732
       306	 587	 325	  190775
       307	 589	 332	  195548
       308	 592	 334	  197728
       309	 594	 341	  202554
       310	 602	 332	  199864
       311	 611	 334	  204074
       312	 621	 330	  204930
       313	 627	 337	  211299
       314	 633	 339	  214587
       315	 636	 343	  218148
       316	 640	 344	  220160
       317	 637	 356	  226772
       318	 632	 358	  226256
       319	 626	 353	  220978
       320	 619	 352	  217888
       321	 608	 358	  217664
       322	 596	 356	  212176
       323	 578	 364	  210392
       324	 569	 360	  204840
       325	 559	 349	  195091
       326	 558	 334	  186372
       327	 557	 328	  182696
       328	 560	 320	  179200
       329	 562	 314	  176468
       330	 568	 313	  177784
       331	 571	 322	  183862
       332	 579	 315	  182385
       333	 579	 322	  186438
       334	 583	 319	  185977
       335	 582	 324	  188568
       336	 584	 323	  188632
       337	 583	 332	  193556
       338	 588	 331	  194628
       339	 592	 327	  193584
       340	 599	 323	  193477
       341	 604	 328	  198112
       342	 615	 327	  201105
       343	 625	 332	  207500
       344	 638	 334	  213092
       345	 639	 345	  220455
       346	 646	 331	  213826
       347	 639	 347	  221733
       348	 632	 355	  224360
       349	 617	 372	  229524
       350	 602	 371	  223342
       351	 582	 374	  217668
       352	 573	 365	  209145
       353	 562	 353	  198386
       354	 559	 336	  187824
       355	 556	 330	  183480
       356	 557	 322	  179354
       357	 557	 315	  175455
       358	 563	 311	  175093
       359	 563	 316	  177908
       360	 570	 308	  175560
       361	 572	 316	  180752
       362	 582	 312	  181584
       363	 586	 319	  186934
       364	 593	 313	  185609
       365	 595	 322	  191590
       366	 601	 321	  192921
       367	 603	 330	  198990
       368	 609	 330	  200970
       369	 611	 339	  207129
       370	 619	 332	  205508
       371	 627	 334	  209418
       372	 639	 332	  212148
       373	 644	 342	  220248
       374	 651	 342	  222642
       375	 651	 345	  224595
       376	 645	 353	  227685
       377	 634	 364	  230776
       378	 619	 366	  226554
       379	 599	 378	  226422
       380	 583	 380	  221540
       381	 567	 368	  208656
       382	 561	 346	  194106
       383	 556	 335	  186260
       384	 554	 326	  180604
       385	 553	 316	  174748
       386	 558	 309	  172422
       387	 557	 313	  174341
       388	 562	 305	  171410
       389	 563	 310	  174530
       390	 567	 306	  173502
       391	 568	 310	  176080
       392	 574	 305	  175070
       393	 577	 311	  179447
       394	 586	 310	  181660
       395	 594	 310	  184140
       396	 608	 308	  187264
       397	 619	 318	  196842
       398	 634	 319	  202246
       399	 645	 327	  210915
       400	 660	 330	  217800
       401	 666	 343	  228438
       402	 671	 345	  231495
       403	 665	 358	  238070
       404	 657	 363	  238491
       405	 645	 373	  240585
       406	 632	 372	  235104
       407	 614	 380	  233320
       408	 606	 375	  227250
       409	 595	 364	  216580
       410	 593	 347	  205771
       411	 590	 341	  201190
       412	 590	 333	  196470
       413	 589	 325	  191425
       414	 592	 322	  190624
       415	 588	 331	  194628
       416	 590	 323	  190570
       417	 587	 328	  192536
       418	 589	 322	  189658
       419	 589	 324	  190836
       420	 593	 318	  188574
       421	 595	 322	  191590
       422	 603	 320	  192960
       423	 609	 323	  196707
       424	 621	 320	  198720
       425	 631	 327	  206337
       426	 645	 327	  210915
       427	 656	 331	  217136
       428	 671	 334	  224114
       429	 677	 347	  234919
       430	 682	 349	  238018
       431	 677	 362	  245074
       432	 670	 367	  245890
       433	 658	 377	  248066
       434	 646	 376	  242896
       435	 628	 385	  241780
       436	 619	 380	  235220
       437	 608	 369	  224352
       438	 605	 353	  213565
       439	 601	 346	  207946
       440	 601	 338	  203138
       441	 599	 331	  198269
       442	 601	 327	  196527
       443	 597	 336	  200592
       444	 598	 329	  196742
       445	 594	 333	  197802
       446	 596	 327	  194892
       447	 594	 330	  196020
       448	 597	 322	  192234
       449	 598	 326	  194948
       450	 605	 323	  195415
       451	 610	 326	  198860
       452	 622	 321	  199662
       453	 631	 329	  207599
       454	 645	 327	  210915
       455	 656	 331	  217136
       456	 671	 334	  224114
       457	 677	 347	  234919
       458	 682	 349	  238018
       459	 677	 362	  245074
       460	 670	 367	  245890
       461	 658	 377	  248066
       462	 646	 376	  242896
       463	 628	 385	  241780
       464	 619	 380	  235220
       465	 608	 369	  224352
       466	 605	 353	  213565
       467	 601	 346	  207946
       468	 601	 338	  203138
       469	 599	 331	  198269
       470	 601	 327	  196527
       471	 597	 336	  200592
       472	 598	 329	  196742
       473	 594	 333	  197802
       474	 596	 327	  194892
       475	 594	 330	  196020
       476	 597	 322	  192234
       477	 598	 326	  194948
       478	 605	 323	  195415
       479	 610	 326	  198860
       480	 622	 321	  199662
       481	 631	 329	  207599
       482	 645	 327	  210915
       483	 656	 331	  217136
       484	 671	 334	  224114
       485	 677	 347	  234919
       486	 682	 349	  238018
       487	 677	 362	  245074
       488	 670	 367	  245890
       489	 658	 377	  248066
       490	 646	 376	  242896
       491	 628	 385	  241780
       492	 619	 380	  235220
       493	 608	 369	  224352
       494	 605	 353	  213565
       495	 601	 346	  207946
       496	 601	 338	  203138
       497	 599	 331	  198269
       498	 601	 327	  196527
       499	 597	 336	  200592
       500	 598	 329	  196742
       501	 594	 333	  197802
       502	 596	 327	  194892
       503	 594	 330	  196020
       504	 597	 322	  192234
       505	 598	 326	  194948
       506	 605	 323	  195415
       507	 610	 326	  198860
       508	 622	 321	  199662
       509	 631	 329	  207599
       510	 645	 327	  210915
       511	 656	 331	  217136
       512	 671	 334	  224114
       513	 677	 347	  234919
       514	 682	 349	  238018
       515	 677	 362	  245074
       516	 670	 367	  245890
       517	 658	 377	  248066
       518	 646	 376	  242896
       519	 628	 385	  241780
       520	 619	 380	  235220
       521	 608	 369	  224352
       522	 605	 353	  213565
       523	 601	 346	  207946
       524	 601	 338	  203138
       525	 599	 331	  198269
       526	 601	 327	  196527
       527	 597	 336	  200592
       528	 598	 329	  196742
       529	 594	 333	  197802
       530	 596	 327	  194892
       531	 594	 330	  196020
       532	 597	 322	  192234
       533	 598	 326	  194948
       534	 605	 323	  195415
       535	 610	 326	  198860
       536	 622	 321	  199662
       537	 631	 329	  207599
       538	 645	 327	  210915
       539	 656	 331	  217136
       540	 671	 334	  224114
       541	 677	 347	  234919
       542	 682	 349	  238018
       543	 677	 362	  245074
       544	 670	 367	  245890
       545	 658	 377	  248066
       546	 646	 376	  242896
       547	 628	 385	  241780
       548	 619	 380	  235220
       549	 608	 369	  224352
       550	 605	 353	  213565
       551	 601	 346	  207946
       552	 601	 338	  203138
       553	 599	 331	  198269
       554	 601	 327	  196527
       555	 597	 336	  200592
       556	 598	 329	  196742
       557	 594	 333	  197802
       558	 596	 327	  194892
       559	 594	 330	  196020
       560	 597	 322	  192234
       561	 598	 326	  194948
       562	 605	 323	  195415
       563	 610	 326	  198860
       564	 622	 321	  199662
       565	 631	 329	  207599
       566	 645	 327	  210915
       567	 656	 331	  217136
       568	 671	 334	  224114
       569	 677	 347	  234919
       570	 682	 349	  238018
       571	 677	 362	  245074
       572	 670	 367	  245890
       573	 658	 377	  248066
       574	 646	 376	  242896
       575	 628	 385	  241780
       576	 619	 380	  235220
       577	 608	 369	  224352
       578	 605	 353	  213565
       579	 601	 346	  207946
       580	 601	 338	  203138
       581	 599	 331	  198269
       582	 601	 327	  196527
       583	 597	 336	  200592
       584	 598	 329	  196742
       585	 594	 333	  197802
       586	 596	 327	  194892
       587	 594	 330	  196020
       588	 597	 322	  192234
       589	 598	 326	  194948
       590	 605	 323	  195415
       591	 610	 326	  198860
       592	 622	 321	  199662
       593	 631	 329	  207599
       594	 645	 327	  210915
       595	 656	 331	  217136
       596	 671	 334	  224114
       597	 677	 347	  234919
       598	 682	 349	  238018
       599	 677	 362	  245074
       600	 670	 367	  245890
       601	 658	 377	  248066
       602	 646	 376	  242896
       603	 628	 385	  241780
       604	 619	 380	  235220
       605	 608	 369	  224352
       606	 605	 353	  213565
       607	 601	 346	  207946
       608	 601	 338	  203138
       609	 599	 331	  198269
       610	 601	 327	  196527
       611	 597	 336	  200592
       612	 598	 329	  196742
       613	 594	 333	  197802
       614	 596	 327	  194892
       615	 594	 330	  196020
       616	 597	 322	  192234
       617	 598	 326	  194948
       618	 605	 323	  195415
       619	 610	 326	  198860
       620	 622	 321	  199662
       621	 631	 329	  207599
       622	 645	 327	  210915
       623	 656	 331	  217136
       624	 671	 334	  224114
       625	 677	 347	  234919
       626	 682	 349	  238018
       627	 677	 362	  245074
       628	 670	 367	  245890
       629	 658	 377	  248066
       630	 646	 376	  242896
       631	 628	 385	  241780
       632	 619	 380	  235220
       633	 608	 369	  224352
       634	 605	 353	  213565
       635	 601	 346	  207946
       636	 601	 338	  203138
       637	 599	 331	  198269
       638	 601	 327	  196527
       639	 597	 336	  200592
       640	 598	 329	  196742
       641	 594	 333	  197802
       642	 596	 327	  194892
       643	 594	 330	  196020
       644	 597	 322	  192234
       645	 598	 326	  194948
       646	 605	 323	  195415
       647	 610	 326	  198860
       648	 622	 321	  199662
       649	 631	 329	  207599
       650	 645	 327	  210915
       651	 656	 331	  217136
       652	 671	 334	  224114
       653	 677	 347	  234919
       654	 682	 349	  238018
       655	 677	 362	  245074
       656	 670	 367	  245890
       657	 658	 377	  248066
       658	 646	 376	  242896
       659	 628	 385	  241780
       660	 619	 380	  235220
       661	 608	 369	  224352
       662	 605	 353	  213565
       663	 601	 346	  207946
       664	 601	 338	  203138
       665	 599	 331	  198269
       666	 601	 327	  196527
       667	 597	 336	  200592
       668	 598	 329	  196742
       669	 594	 333	  197802
       670	 596	 327	  194892
       671	 594	 330	  196020
       672	 597	 322	  192234
       673	 598	 326	  194948
       674	 605	 323	  195415
       675	 610	 326	  198860
       676	 622	 321	  199662
       677	 631	 329	  207599
       678	 645	 327	  210915
       679	 656	 331	  217136
       680	 671	 334	  224114
       681	 677	 347	  234919
       682	 682	 349	  238018
       683	 677	 362	  245074
       684	 670	 367	  245890
       685	 658	 377	  248066
       686	 646	 376	  242896
       687	 628	 385	  241780
       688	 619	 380	  235220
       689	 608	 369	  224352
       690	 605	 353	  213565
       691	 601	 346	  207946
       692	 601	 338	  203138
       693	 599	 331	  198269
       694	 601	 327	  196527
       695	 597	 336	  200592
       696	 598	 329	  196742
       697	 594	 333	  197802
       698	 596	 327	  194892
       699	 594	 330	  196020
       700	 597	 322	  192234
       701	 598	 326	  194948
       702	 605	 323	  195415
       703	 610	 326	  198860
       704	 622	 321	  199662
       705	 631	 329	  207599
       706	 645	 327	  210915
       707	 656	 331	  217136
       708	 671	 334	  224114
       709	 677	 347	  234919
       710	 682	 349	  238018
       711	 677	 362	  245074
       712	 670	 367	  245890
       713	 658	 377	  248066
       714	 646	 376	  242896
       715	 628	 385	  241780
       716	 619	 380	  235220
       717	 608	 369	  224352
       718	 605	 353	  213565
       719	 601	 346	  207946
       720	 601	 338	  203138
       721	 599	 331	  198269
       722	 601	 327	  196527
       723	 597	 336	  200592
       724	 598	 329	  196742
       725	 594	 333	  197802
       726	 596	 327	  194892
       727	 594	 330	  196020
       728	 597	 322	  192234
       729	 598	 326	  194948
       730	 605	 323	  195415
       731	 610	 326	  198860
       732	 622	 321	  199662
       733	 631	 329	  207599
       734	 645	 327	  210915
       735	 656	 331	  217136
       736	 671	 334	  224114
       737	 677	 347	  234919
       738	 682	 349	  238018
       739	 677	 362	  245074
       740	 670	 367	  245890
       741	 658	 377	  248066
       742	 646	 376	  242896
       743	 628	 385	  241780
       744	 619	 380	  235220
       745	 608	 369	  224352
       746	 605	 353	  213565
       747	 601	 346	  207946
       748	 601	 338	  203138
       749	 599	 331	  198269
       750	 601	 327	  196527
       751	 597	 336	  200592
       752	 598	 329	  196742
       753	 594	 333	  197802
       754	 596	 327	  194892
       755	 594	 330	  196020
       756	 597	 322	  192234
       757	 598	 326	  194948
       758	 605	 323	  195415
       759	 610	 326	  198860
       760	 622	 321	  199662
       761	 631	 329	  207599
       762	 645	 327	  210915
       763	 656	 331	  217136
       764	 671	 334	  224114
       765	 677	 347	  234919
       766	 682	 349	  238018
       767	 677	 362	  245074
       768	 670	 367	  245890
       769	 658	 377	  248066
       770	 646	 376	  242896
       771	 628	 385	  241780
       772	 619	 380	  235220
       773	 608	 369	  224352
       774	 605	 353	  213565
       775	 601	 346	  207946
       776	 601	 338	  203138
       777	 599	 331	  198269
       778	 601	 327	  196527
       779	 597	 336	  200592
       780	 598	 329	  196742
       781	 594	 333	  197802
       782	 596	 327	  194892
       783	 594	 330	  196020
       784	 597	 322	  192234
       785	 598	 326	  194948
       786	 605	 323	  195415
       787	 610	 326	  198860
       788	 622	 321	  199662
       789	 631	 329	  207599
       790	 645	 327	  210915
       791	 656	 331	  217136
       792	 671	 334	  224114
       793	 677	 347	  234919
       794	 682	 349	  238018
       795	 677	 362	  245074
       796	 670	 367	  245890
       797	 658	 377	  248066
       798	 646	 376	  242896
       799	 628	 385	  241780
       800	 619	 380	  235220
       801	 608	 369	  224352
       802	 605	 353	  213565
       803	 601	 346	  207946
       804	 601	 338	  203138
       805	 599	 331	  198269
       806	 601	 327	  196527
       807	 597	 336	  200592
       808	 598	 329	  196742
       809	 594	 333	  197802
       810	 596	 327	  194892
       811	 594	 330	  196020
       812	 597	 322	  192234
       813	 598	 326	  194948
       814	 605	 323	  195415
       815	 610	 326	  198860
       816	 622	 321	  199662
       817	 631	 329	  207599
       818	 645	 327	  210915
       819	 656	 331	  217136
       820	 671	 334	  224114
       821	 677	 347	  234919
       822	 682	 349	  238018
       823	 677	 362	  245074
       824	 670	 367	  245890
       825	 658	 377	  248066
       826	 646	 376	  242896
       827	 628	 385	  241780
       828	 619	 380	  235220
       829	 608	 369	  224352
       830	 605	 353	  213565
       831	 601	 346	  207946
       832	 601	 338	  203138
       833	 599	 331	  198269
       834	 601	 327	  196527
       835	 597	 336	  200592
       836	 598	 329	  196742
       837	 594	 333	  197802
       838	 596	 327	  194892
       839	 594	 330	  196020
       840	 597	 322	  192234
       841	 598	 326	  194948
       842	 605	 323	  195415
       843	 610	 326	  198860
       844	 622	 321	  199662
       845	 631	 329	  207599
       846	 645	 327	  210915
       847	 656	 331	  217136
       848	 671	 334	  224114
       849	 677	 347	  234919
       850	 682	 349	  238018
       851	 677	 362	  245074
       852	 670	 367	  245890
       853	 658	 377	  248066
       854	 646	 376	  242896
       855	 628	 385	  241780
       856	 619	 380	  235220
       857	 608	 369	  224352
       858	 605	 353	  213565
       859	 601	 346	  207946
       860	 601	 338	  203138
       861	 599	 331	  198269
       862	 601	 327	  196527
       863	 597	 336	  200592
       864	 598	 329	  196742
       865	 594	 333	  197802
       866	 596	 327	  194892
       867	 594	 330	  196020
       868	 597	 322	  192234
       869	 598	 326	  194948
       870	 605	 323	  195415
       871	 610	 326	  198860
       872	 622	 321	  199662
       873	 631	 329	  207599
       874	 645	 327	  210915
       875	 656	 331	  217136
       876	 671	 334	  224114
       877	 677	 347	  234919
       878	 682	 349	  238018
       879	 677	 362	  245074
       880	 670	 367	  245890
       881	 658	 377	  248066
       882	 646	 376	  242896
       883	 628	 385	  241780
       884	 619	 380	  235220
       885	 608	 369	  224352
       886	 605	 353	  213565
       887	 601	 346	  207946
       888	 601	 338	  203138
       889	 599	 331	  198269
       890	 601	 327	  196527
       891	 597	 336	  200592
       892	 598	 329	  196742
       893	 594	 333	  197802
       894	 596	 327	  194892
       895	 594	 330	  196020
       896	 597	 322	  192234
       897	 598	 326	  194948
       898	 605	 323	  195415
       899	 610	 326	  198860
       900	 622	 321	  199662
       901	 631	 329	  207599
       902	 645	 327	  210915
       903	 656	 331	  217136
       904	 671	 334	  224114
       905	 677	 347	  234919
       906	 682	 349	  238018
       907	 677	 362	  245074
       908	 670	 367	  245890
       909	 658	 377	  248066
       910	 646	 376	  242896
       911	 628	 385	  241780
       912	 619	 380	  235220
       913	 608	 369	  224352
       914	 605	 353	  213565
       915	 601	 346	  207946
       916	 601	 338	  203138
       917	 599	 331	  198269
       918	 601	 327	  196527
       919	 597	 336	  200592
       920	 598	 329	  196742
       921	 594	 333	  197802
       922	 596	 327	  194892
       923	 594	 330	  196020
       924	 597	 322	  192234
       925	 598	 326	  194948
       926	 605	 323	  195415
       927	 610	 326	  198860
       928	 622	 321	  199662
       929	 631	 329	  207599
       930	 645	 327	  210915
       931	 656	 331	  217136
       932	 671	 334	  224114
       933	 677	 347	  234919
       934	 682	 349	  238018
       935	 677	 362	  245074
       936	 670	 367	  245890
       937	 658	 377	  248066
       938	 646	 376	  242896
       939	 628	 385	  241780
       940	 619	 380	  235220
       941	 608	 369	  224352
       942	 605	 353	  213565
       943	 601	 346	  207946
       944	 601	 338	  203138
       945	 599	 331	  198269
       946	 601	 327	  196527
       947	 597	 336	  200592
       948	 598	 329	  196742
       949	 594	 333	  197802
       950	 596	 327	  194892
       951	 594	 330	  196020
       952	 597	 322	  192234
       953	 598	 326	  194948
       954	 605	 323	  195415
       955	 610	 326	  198860
       956	 622	 321	  199662
       957	 631	 329	  207599
       958	 645	 327	  210915
       959	 656	 331	  217136
       960	 671	 334	  224114
       961	 677	 347	  234919
       962	 682	 349	  238018
       963	 677	 362	  245074
       964	 670	 367	  245890
       965	 658	 377	  248066
       966	 646	 376	  242896
       967	 628	 385	  241780
       968	 619	 380	  235220
       969	 608	 369	  224352
       970	 605	 353	  213565
       971	 601	 346	  207946
       972	 601	 338	  203138
       973	 599	 331	  198269
       974	 601	 327	  196527
       975	 597	 336	  200592
       976	 598	 329	  196742
       977	 594	 333	  197802
       978	 596	 327	  194892
       979	 594	 330	  196020
       980	 597	 322	  192234
       981	 598	 326	  194948
       982	 605	 323	  195415
       983	 610	 326	  198860
       984	 622	 321	  199662
       985	 631	 329	  207599
       986	 645	 327	  210915
       987	 656	 331	  217136
       988	 671	 334	  224114
       989	 677	 347	  234919
       990	 682	 349	  238018
       991	 677	 362	  245074
       992	 670	 367	  245890
       993	 658	 377	  248066
       994	 646	 376	  242896
       995	 628	 385	  241780
       996	 619	 380	  235220
       997	 608	 369	  224352
       998	 605	 353	  213565
       999	 601	 346	  207946
      1000	 601	 338	  203138
      1001	 599	 331	  198269
      1002	 601	 327	  196527
      1003	 597	 336	  200592
      1004	 598	 329	  196742
      1005	 594	 333	  197802
      1006	 596	 327	  194892
      1007	 594	 330	  196020
      1008	 597	 322	  192234
      1009	 598	 326	  194948
      1010	 605	 323	  195415
      1011	 610	 326	  198860
      1012	 622	 321	  199662
      1013	 631	 329	  207599
      1014	 645	 327	  210915
      1015	 656	 331	  217136
      1016	 671	 334	  224114
      1017	 677	 347	  234919
      1018	 682	 349	  238018
      1019	 677	 362	  245074
      1020	 670	 367	  245890
      1021	 658	 377	  248066
      1022	 646	 376	  242896
      1023	 628	 385	  241780
      1024	 619	 380	  235220
      1025	 608	 369	  224352
      1026	 605	 353	  213565
      1027	 601	 346	  207946
      1028	 601	 338	  203138
      1029	 599	 331	  198269
      1030	 601	 327	  196527
      1031	 597	 336	  200592
      1032	 598	 329	  196742
      1033	 594	 333	  197802
      1034	 596	 327	  194892
      1035	 594	 330	  196020
      1036	 597	 322	  192234
      1037	 598	 326	  194948
      1038	 605	 323	  195415
      1039	 610	 326	  198860
      1040	 622	 321	  199662
      1041	 631	 329	  207599
      1042	 645	 327	  210915
      1043	 656	 331	  217136
      1044	 671	 334	  224114
      1045	 677	 347	  234919
      1046	 682	 349	  238018
      1047	 677	 362	  245074
      1048	 670	 367	  245890
      1049	 658	 377	  248066
      1050	 646	 376	  242896
      1051	 628	 385	  241780
      1052	 619	 380	  235220
      1053	 608	 369	  224352
      1054	 605	 353	  213565
      1055	 601	 346	  207946
      1056	 601	 338	  203138
      1057	 599	 331	  198269
      1058	 601	 327	  196527
      1059	 597	 336	  200592
      1060	 598	 329	  196742
      1061	 594	 333	  197802
      1062	 596	 327	  194892
      1063	 594	 330	  196020
      1064	 597	 322	  192234
      1065	 598	 326	  194948
      1066	 605	 323	  195415
      1067	 610	 326	  198860
      1068	 622	 321	  199662
      1069	 631	 329	  207599
      1070	 645	 327	  210915
      1071	 656	 331	  217136
      1072	 671	 334	  224114
      1073	 677	 347	  234919
      1074	 682	 349	  238018
      1075	 677	 362	  245074
      1076	 670	 367	  245890
      1077	 658	 377	  248066
      1078	 646	 376	  242896
      1079	 628	 385	  241780
      1080	 619	 380	  235220
      1081	 608	 369	  224352
      1082	 605	 353	  213565
      1083	 601	 346	  207946
      1084	 601	 338	  203138
      1085	 599	 331	  198269
      1086	 601	 327	  196527
      1087	 597	 336	  200592
      1088	 598	 329	  196742
      1089	 594	 333	  197802
      1090	 596	 327	  194892
      1091	 594	 330	  196020
      1092	 597	 322	  192234
      1093	 598	 326	  194948
      1094	 605	 323	  195415
      1095	 610	 326	  198860
      1096	 622	 321	  199662
      1097	 631	 329	  207599
      1098	 645	 327	  210915
      1099	 656	 331	  217136
      1100	 671	 334	  224114
      1101	 677	 347	  234919
      1102	 682	 349	  238018
      1103	 677	 362	  245074
      1104	 670	 367	  245890
      1105	 658	 377	  248066
      1106	 646	 376	  242896
      1107	 628	 385	  241780
      1108	 619	 380	  235220
      1109	 608	 369	  224352
      1110	 605	 353	  213565
      1111	 601	 346	  207946
      1112	 601	 338	  203138
      1113	 599	 331	  198269
      1114	 601	 327	  196527
      1115	 597	 336	  200592
      1116	 598	 329	  196742
      1117	 594	 333	  197802
      1118	 596	 327	  194892
      1119	 594	 330	  196020
      1120	 597	 322	  192234
      1121	 598	 326	  194948
      1122	 605	 323	  195415
      1123	 610	 326	  198860
      1124	 622	 321	  199662
      1125	 631	 329	  207599
      1126	 645	 327	  210915
      1127	 656	 331	  217136
      1128	 671	 334	  224114
      1129	 677	 347	  234919
      1130	 682	 349	  238018
      1131	 677	 362	  245074
      1132	 670	 367	  245890
      1133	 658	 377	  248066
      1134	 646	 376	  242896
      1135	 628	 385	  241780
      1136	 619	 380	  235220
      1137	 608	 369	  224352
      1138	 605	 353	  213565
      1139	 601	 346	  207946
      1140	 601	 338	  203138
      1141	 599	 331	  198269
      1142	 601	 327	  196527
      1143	 597	 336	  200592
      1144	 598	 329	  196742
      1145	 594	 333	  197802
      1146	 596	 327	  194892
      1147	 594	 330	  196020
      1148	 597	 322	  192234
      1149	 598	 326	  194948
      1150	 605	 323	  195415
      1151	 610	 326	  198860
      1152	 622	 321	  199662
      1153	 631	 329	  207599
      1154	 645	 327	  210915
      1155	 656	 331	  217136
      1156	 671	 334	  224114
      1157	 677	 347	  234919
      1158	 682	 349	  238018
      1159	 677	 362	  245074
      1160	 670	 367	  245890
      1161	 658	 377	  248066
      1162	 646	 376	  242896
      1163	 628	 385	  241780
      1164	 619	 380	  235220
      1165	 608	 369	  224352
      1166	 605	 353	  213565
      1167	 601	 346	  207946
      1168	 601	 338	  203138
      1169	 599	 331	  198269
      1170	 601	 327	  196527
      1171	 597	 336	  200592
      1172	 598	 329	  196742
      1173	 594	 333	  197802
      1174	 596	 327	  194892
      1175	 594	 330	  196020
      1176	 597	 322	  192234
      1177	 598	 326	  194948
      1178	 605	 323	  195415
      1179	 610	 326	  198860
      1180	 622	 321	  199662
      1181	 631	 329	  207599
      1182	 645	 327	  210915
      1183	 656	 331	  217136
      1184	 671	 334	  224114
      1185	 677	 347	  234919
      1186	 682	 349	  238018
      1187	 677	 362	  245074
      1188	 670	 367	  245890
      1189	 658	 377	  248066
      1190	 646	 376	  242896
      1191	 628	 385	  241780
      1192	 619	 380	  235220
      1193	 608	 369	  224352
      1194	 605	 353	  213565
      1195	 601	 346	  207946
      1196	 601	 338	  203138
      1197	 599	 331	  198269
      1198	 601	 327	  196527
      1199	 597	 336	  200592
      1200	 598	 329	  196742
      1201	 594	 333	  197802
      1202	 596	 327	  194892
      1203	 594	 330	  196020
      1204	 597	 322	  192234
      1205	 598	 326	  194948
      1206	 605	 323	  195415
      1207	 610	 326	  198860
      1208	 622	 321	  199662
      1209	 631	 329	  207599
      1210	 645	 327	  210915
      1211	 656	 331	  217136
      1212	 671	 334	  224114
      1213	 677	 347	  234919
      1214	 682	 349	  238018
      1215	 677	 362	  245074
      1216	 670	 367	  245890
      1217	 658	 377	  248066
      1218	 646	 376	  242896
      1219	 628	 385	  241780
      1220	 619	 380	  235220
      1221	 608	 369	  224352
      1222	 605	 353	  213565
      1223	 601	 346	  207946
      1224	 601	 338	  203138
      1225	 599	 331	  198269
      1226	 601	 327	  196527
      1227	 597	 336	  200592
      1228	 598	 329	  196742
      1229	 594	 333	  197802
      1230	 596	 327	  194892
      1231	 594	 330	  196020
      1232	 597	 322	  192234
      1233	 598	 326	  194948
      1234	 605	 323	  195415
      1235	 610	 326	  198860
      1236	 622	 321	  199662
      1237	 631	 329	  207599
      1238	 645	 327	  210915
      1239	 656	 331	  217136
      1240	 671	 334	  224114
      1241	 677	 347	  234919
      1242	 682	 349	  238018
      1243	 677	 362	  245074
      1244	 670	 367	  245890
      1245	 658	 377	  248066
      1246	 646	 376	  242896
      1247	 628	 385	  241780
      1248	 619	 380	  235220
      1249	 608	 369	  224352
      1250	 605	 353	  213565
      1251	 601	 346	  207946
      1252	 601	 338	  203138
      1253	 599	 331	  198269
      1254	 601	 327	  196527
      1255	 597	 336	  200592
      1256	 598	 329	  196742
      1257	 594	 333	  197802
      1258	 596	 327	  194892
      1259	 594	 330	  196020
      1260	 597	 322	  192234
      1261	 598	 326	  194948
      1262	 605	 323	  195415
      1263	 610	 326	  198860
      1264	 622	 321	  199662
      1265	 631	 329	  207599
      1266	 645	 327	  210915
      1267	 656	 331	  217136
      1268	 671	 334	  224114
      1269	 677	 347	  234919
      1270	 682	 349	  238018
      1271	 677	 362	  245074
      1272	 670	 367	  245890
      1273	 658	 377	  248066
      1274	 646	 376	  242896
      1275	 628	 385	  241780
      1276	 619	 380	  235220
      1277	 608	 369	  224352
      1278	 605	 353	  213565
      1279	 601	 346	  207946
      1280	 601	 338	  203138
      1281	 599	 331	  198269
      1282	 601	 327	  196527
      1283	 597	 336	  200592
      1284	 598	 329	  196742
      1285	 594	 333	  197802
      1286	 596	 327	  194892
      1287	 594	 330	  196020
      1288	 597	 322	  192234
      1289	 598	 326	  194948
      1290	 605	 323	  195415
      1291	 610	 326	  198860
      1292	 622	 321	  199662
      1293	 631	 329	  207599
      1294	 645	 327	  210915
      1295	 656	 331	  217136
      1296	 671	 334	  224114
      1297	 677	 347	  234919
      1298	 682	 349	  238018
      1299	 677	 362	  245074
      1300	 670	 367	  245890
      1301	 658	 377	  248066
      1302	 646	 376	  242896
      1303	 628	 385	  241780
      1304	 619	 380	  235220
      1305	 608	 369	  224352
      1306	 605	 353	  213565
      1307	 601	 346	  207946
      1308	 601	 338	  203138
      1309	 599	 331	  198269
      1310	 601	 327	  196527
      1311	 597	 336	  200592
      1312	 598	 329	  196742
      1313	 594	 333	  197802
      1314	 596	 327	  194892
      1315	 594	 330	  196020
      1316	 597	 322	  192234
      1317	 598	 326	  194948
      1318	 605	 323	  195415
      1319	 610	 326	  198860
      1320	 622	 321	  199662
      1321	 631	 329	  207599
      1322	 645	 327	  210915
      1323	 656	 331	  217136
      1324	 671	 334	  224114
      1325	 677	 347	  234919
      1326	 682	 349	  238018
      1327	 677	 362	  245074
      1328	 670	 367	  245890
      1329	 658	 377	  248066
      1330	 646	 376	  242896
      1331	 628	 385	  241780
      1332	 619	 380	  235220
      1333	 608	 369	  224352
      1334	 605	 353	  213565
      1335	 601	 346	  207946
      1336	 601	 338	  203138
      1337	 599	 331	  198269
      1338	 601	 327	  196527
      1339	 597	 336	  200592
      1340	 598	 329	  196742
      1341	 594	 333	  197802
      1342	 596	 327	  194892
      1343	 594	 330	  196020
      1344	 597	 322	  192234
      1345	 598	 326	  194948
      1346	 605	 323	  195415
      1347	 610	 326	  198860
      1348	 622	 321	  199662
      1349	 631	 329	  207599
      1350	 645	 327	  210915
      1351	 656	 331	  217136
      1352	 671	 334	  224114
      1353	 677	 347	  234919
      1354	 682	 349	  238018
      1355	 677	 362	  245074
      1356	 670	 367	  245890
      1357	 658	 377	  248066
      1358	 646	 376	  242896
      1359	 628	 385	  241780
      1360	 619	 380	  235220
      1361	 608	 369	  224352
      1362	 605	 353	  213565
      1363	 601	 346	  207946
      1364	 601	 338	  203138
      1365	 599	 331	  198269
      1366	 601	 327	  196527
      1367	 597	 336	  200592
      1368	 598	 329	  196742
      1369	 594	 333	  197802
      1370	 596	 327	  194892
      1371	 594	 330	  196020
      1372	 597	 322	  192234
      1373	 598	 326	  194948
      1374	 605	 323	  195415
      1375	 610	 326	  198860
      1376	 622	 321	  199662
      1377	 631	 329	  207599
      1378	 645	 327	  210915
      1379	 656	 331	  217136
      1380	 671	 334	  224114
      1381	 677	 347	  234919
      1382	 682	 349	  238018
      1383	 677	 362	  245074
      1384	 670	 367	  245890
      1385	 658	 377	  248066
      1386	 646	 376	  242896
      1387	 628	 385	  241780
      1388	 619	 380	  235220
      1389	 608	 369	  224352
      1390	 605	 353	  213565
      1391	 601	 346	  207946
      1392	 601	 338	  203138
      1393	 599	 331	  198269
      1394	 601	 327	  196527
      1395	 597	 336	  200592
      1396	 598	 329	  196742
      1397	 594	 333	  197802
      1398	 596	 327	  194892
      1399	 594	 330	  196020
      1400	 597	 322	  192234
      1401	 598	 326	  194948
      1402	 605	 323	  195415
      1403	 610	 326	  198860
      1404	 622	 321	  199662
      1405	 631	 329	  207599
      1406	 645	 327	  210915
      1407	 656	 331	  217136
      1408	 671	 334	  224114
      1409	 677	 347	  234919
      1410	 682	 349	  238018
      1411	 677	 362	  245074
      1412	 670	 367	  245890
      1413	 658	 377	  248066
      1414	 646	 376	  242896
      1415	 628	 385	  241780
      1416	 619	 380	  235220
      1417	 608	 369	  224352
      1418	 605	 353	  213565
      1419	 601	 346	  207946
      1420	 601	 338	  203138
      1421	 599	 331	  198269
      1422	 601	 327	  196527
      1423	 597	 336	  200592
      1424	 598	 329	  196742
      1425	 594	 333	  197802
      1426	 596	 327	  194892
      1427	 594	 330	  196020
      1428	 597	 322	  192234
      1429	 598	 326	  194948
      1430	 605	 323	  195415
      1431	 610	 326	  198860
      1432	 622	 321	  199662
      1433	 631	 329	  207599
      1434	 645	 327	  210915
      1435	 656	 331	  217136
      1436	 671	 334	  224114
      1437	 677	 347	  234919
      1438	 682	 349	  238018
      1439	 677	 362	  245074
      1440	 670	 367	  245890
      1441	 658	 377	  248066
      1442	 646	 376	  242896
      1443	 628	 385	  241780
      1444	 619	 380	  235220
      1445	 608	 369	  224352
      1446	 605	 353	  213565
      1447	 601	 346	  207946
      1448	 601	 338	  203138
      1449	 599	 331	  198269
      1450	 601	 327	  196527
      1451	 597	 336	  200592
      1452	 598	 329	  196742
      1453	 594	 333	  197802
      1454	 596	 327	  194892
      1455	 594	 330	  196020
      1456	 597	 322	  192234
      1457	 598	 326	  194948
      1458	 605	 323	  195415
      1459	 610	 326	  198860
      1460	 622	 321	  199662
      1461	 631	 329	  207599
      1462	 645	 327	  210915
      1463	 656	 331	  217136
      1464	 671	 334	  224114
      1465	 677	 347	  234919
      1466	 682	 349	  238018
      1467	 677	 362	  245074
      1468	 670	 367	  245890
      1469	 658	 377	  248066
      1470	 646	 376	  242896
      1471	 628	 385	  241780
      1472	 619	 380	  235220
      1473	 608	 369	  224352
      1474	 605	 353	  213565
      1475	 601	 346	  207946
      1476	 601	 338	  203138
      1477	 599	 331	  198269
      1478	 601	 327	  196527
      1479	 597	 336	  200592
      1480	 598	 329	  196742
      1481	 594	 333	  197802
      1482	 596	 327	  194892
      1483	 594	 330	  196020
      1484	 597	 322	  192234
      1485	 598	 326	  194948
      1486	 605	 323	  195415
      1487	 610	 326	  198860
      1488	 622	 321	  199662
      1489	 631	 329	  207599
      1490	 645	 327	  210915
      1491	 656	 331	  217136
      1492	 671	 334	  224114
      1493	 677	 347	  234919
      1494	 682	 349	  238018
      1495	 677	 362	  245074
      1496	 670	 367	  245890
      1497	 658	 377	  248066
      1498	 646	 376	  242896
      1499	 628	 385	  241780
      1500	 619	 380	  235220
      1501	 608	 369	  224352
      1502	 605	 353	  213565
      1503	 601	 346	  207946
      1504	 601	 338	  203138
      1505	 599	 331	  198269
      1506	 601	 327	  196527
      1507	 597	 336	  200592
      1508	 598	 329	  196742
      1509	 594	 333	  197802
      1510	 596	 327	  194892
      1511	 594	 330	  196020
      1512	 597	 322	  192234
      1513	 598	 326	  194948
      1514	 605	 323	  195415
      1515	 610	 326	  198860
      1516	 622	 321	  199662
      1517	 631	 329	  207599
      1518	 645	 327	  210915
      1519	 656	 331	  217136
      1520	 671	 334	  224114
      1521	 677	 347	  234919
      1522	 682	 349	  238018
      1523	 677	 362	  245074
      1524	 670	 367	  245890
      1525	 658	 377	  248066
      1526	 646	 376	  242896
      1527	 628	 385	  241780
      1528	 619	 380	  235220
      1529	 608	 369	  224352
      1530	 605	 353	  213565
      1531	 601	 346	  207946
      1532	 601	 338	  203138
      1533	 599	 331	  198269
      1534	 601	 327	  196527
      1535	 597	 336	  200592
      1536	 598	 329	  196742
      1537	 594	 333	  197802
      1538	 596	 327	  194892
      1539	 594	 330	  196020
      1540	 597	 322	  192234
      1541	 598	 326	  194948
      1542	 605	 323	  195415
      1543	 610	 326	  198860
      1544	 622	 321	  199662
      1545	 631	 329	  207599
      1546	 645	 327	  210915
      1547	 656	 331	  217136
      1548	 671	 334	  224114
      1549	 677	 347	  234919
      1550	 682	 349	  238018
      1551	 677	 362	  245074
      1552	 670	 367	  245890
      1553	 658	 377	  248066
      1554	 646	 376	  242896
      1555	 628	 385	  241780
      1556	 619	 380	  235220
      1557	 608	 369	  224352
      1558	 605	 353	  213565
      1559	 601	 346	  207946
      1560	 601	 338	  203138
      1561	 599	 331	  198269
      1562	 601	 327	  196527
      1563	 597	 336	  200592
      1564	 598	 329	  196742
      1565	 594	 333	  197802
      1566	 596	 327	  194892
      1567	 594	 330	  196020
      1568	 597	 322	  192234
      1569	 598	 326	  194948
      1570	 605	 323	  195415
      1571	 610	 326	  198860
      1572	 622	 321	  199662
      1573	 631	 329	  207599
      1574	 645	 327	  210915
      1575	 656	 331	  217136
      1576	 671	 334	  224114
      1577	 677	 347	  234919
      1578	 682	 349	  238018
      1579	 677	 362	  245074
      1580	 670	 367	  245890
      1581	 658	 377	  248066
      1582	 646	 376	  242896
      1583	 628	 385	  241780
      1584	 619	 380	  235220
      1585	 608	 369	  224352
      1586	 605	 353	  213565
      1587	 601	 346	  207946
      1588	 601	 338	  203138
      1589	 599	 331	  198269
      1590	 601	 327	  196527
      1591	 597	 336	  200592
      1592	 598	 329	  196742
      1593	 594	 333	  197802
      1594	 596	 327	  194892
      1595	 594	 330	  196020
      1596	 597	 322	  192234
      1597	 598	 326	  194948
      1598	 605	 323	  195415
      1599	 610	 326	  198860
      1600	 622	 321	  199662
      1601	 631	 329	  207599
      1602	 645	 327	  210915
      1603	 656	 331	  217136
      1604	 671	 334	  224114
      1605	 677	 347	  234919
      1606	 682	 349	  238018
      1607	 677	 362	  245074
      1608	 670	 367	  245890
      1609	 658	 377	  248066
      1610	 646	 376	  242896
      1611	 628	 385	  241780
      1612	 619	 380	  235220
      1613	 608	 369	  224352
      1614	 605	 353	  213565
      1615	 601	 346	  207946
      1616	 601	 338	  203138
      1617	 599	 331	  198269
      1618	 601	 327	  196527
      1619	 597	 336	  200592
      1620	 598	 329	  196742
      1621	 594	 333	  197802
      1622	 596	 327	  194892
      1623	 594	 330	  196020
      1624	 597	 322	  192234
      1625	 598	 326	  194948
      1626	 605	 323	  195415
      1627	 610	 326	  198860
      1628	 622	 321	  199662
      1629	 631	 329	  207599
      1630	 645	 327	  210915
      1631	 656	 331	  217136
      1632	 671	 334	  224114
      1633	 677	 347	  234919
      1634	 682	 349	  238018
      1635	 677	 362	  245074
      1636	 670	 367	  245890
      1637	 658	 377	  248066
      1638	 646	 376	  242896
      1639	 628	 385	  241780
      1640	 619	 380	  235220
      1641	 608	 369	  224352
      1642	 605	 353	  213565
      1643	 601	 346	  207946
      1644	 601	 338	  203138
      1645	 599	 331	  198269
      1646	 601	 327	  196527
      1647	 597	 336	  200592
      1648	 598	 329	  196742
      1649	 594	 333	  197802
      1650	 596	 327	  194892
      1651	 594	 330	  196020
      1652	 597	 322	  192234
      1653	 598	 326	  194948
      1654	 605	 323	  195415
      1655	 610	 326	  198860
      1656	 622	 321	  199662
      1657	 631	 329	  207599
      1658	 645	 327	  210915
      1659	 656	 331	  217136
      1660	 671	 334	  224114
      1661	 677	 347	  234919
      1662	 682	 349	  238018
      1663	 677	 362	  245074
      1664	 670	 367	  245890
      1665	 658	 377	  248066
      1666	 646	 376	  242896
      1667	 628	 385	  241780
      1668	 619	 380	  235220
      1669	 608	 369	  224352
      1670	 605	 353	  213565
      1671	 601	 346	  207946
      1672	 601	 338	  203138
      1673	 599	 331	  198269
      1674	 601	 327	  196527
      1675	 597	 336	  200592
      1676	 598	 329	  196742
      1677	 594	 333	  197802
      1678	 596	 327	  194892
      1679	 594	 330	  196020
      1680	 597	 322	  192234
      1681	 598	 326	  194948
      1682	 605	 323	  195415
      1683	 610	 326	  198860
      1684	 622	 321	  199662
      1685	 631	 329	  207599
      1686	 645	 327	  210915
      1687	 656	 331	  217136
      1688	 671	 334	  224114
      1689	 677	 347	  234919
      1690	 682	 349	  238018
      1691	 677	 362	  245074
      1692	 670	 367	  245890
      1693	 658	 377	  248066
      1694	 646	 376	  242896
      1695	 628	 385	  241780
      1696	 619	 380	  235220
      1697	 608	 369	  224352
      1698	 605	 353	  213565
      1699	 601	 346	  207946
      1700	 601	 338	  203138
      1701	 599	 331	  198269
      1702	 601	 327	  196527
      1703	 597	 336	  200592
      1704	 598	 329	  196742
      1705	 594	 333	  197802
      1706	 596	 327	  194892
      1707	 594	 330	  196020
      1708	 597	 322	  192234
      1709	 598	 326	  194948
      1710	 605	 323	  195415
      1711	 610	 326	  198860
      1712	 622	 321	  199662
      1713	 631	 329	  207599
      1714	 645	 327	  210915
      1715	 656	 331	  217136
      1716	 671	 334	  224114
      1717	 677	 347	  234919
      1718	 682	 349	  238018
      1719	 677	 362	  245074
      1720	 670	 367	  245890
      1721	 658	 377	  248066
      1722	 646	 376	  242896
      1723	 628	 385	  241780
      1724	 619	 380	  235220
      1725	 608	 369	  224352
      1726	 605	 353	  213565
      1727	 601	 346	  207946
      1728	 601	 338	  203138
      1729	 599	 331	  198269
      1730	 601	 327	  196527
      1731	 597	 336	  200592
      1732	 598	 329	  196742
      1733	 594	 333	  197802
      1734	 596	 327	  194892
      1735	 594	 330	  196020
      1736	 597	 322	  192234
      1737	 598	 326	  194948
      1738	 605	 323	  195415
      1739	 610	 326	  198860
      1740	 622	 321	  199662
      1741	 631	 329	  207599
      1742	 645	 327	  210915
      1743	 656	 331	  217136
      1744	 671	 334	  224114
      1745	 677	 347	  234919
      1746	 682	 349	  238018
      1747	 677	 362	  245074
      1748	 670	 367	  245890
      1749	 658	 377	  248066
      1750	 646	 376	  242896
      1751	 628	 385	  241780
      1752	 619	 380	  235220
      1753	 608	 369	  224352
      1754	 605	 353	  213565
      1755	 601	 346	  207946
      1756	 601	 338	  203138
      1757	 599	 331	  198269
      1758	 601	 327	  196527
      1759	 597	 336	  200592
      1760	 598	 329	  196742
      1761	 594	 333	  197802
      1762	 596	 327	  194892
      1763	 594	 330	  196020
      1764	 597	 322	  192234
      1765	 598	 326	  194948
      1766	 605	 323	  195415
      1767	 610	 326	  198860
      1768	 622	 321	  199662
      1769	 631	 329	  207599
      1770	 645	 327	  210915
      1771	 656	 331	  217136
      1772	 671	 334	  224114
      1773	 677	 347	  234919
      1774	 682	 349	  238018
      1775	 677	 362	  245074
      1776	 670	 367	  245890
      1777	 658	 377	  248066
      1778	 646	 376	  242896
      1779	 628	 385	  241780
      1780	 619	 380	  235220
      1781	 608	 369	  224352
      1782	 605	 353	  213565
      1783	 601	 346	  207946
      1784	 601	 338	  203138
      1785	 599	 331	  198269
      1786	 601	 327	  196527
      1787	 597	 336	  200592
      1788	 598	 329	  196742
      1789	 594	 333	  197802
      1790	 596	 327	  194892
      1791	 594	 330	  196020
      1792	 597	 322	  192234
      1793	 598	 326	  194948
      1794	 605	 323	  195415
      1795	 610	 326	  198860
      1796	 622	 321	  199662
      1797	 631	 329	  207599
      1798	 645	 327	  210915
      1799	 656	 331	  217136
      1800	 671	 334	  224114
      1801	 677	 347	  234919
      1802	 682	 349	  238018
      1803	 677	 362	  245074
      1804	 670	 367	  245890
      1805	 658	 377	  248066
      1806	 646	 376	  242896
      1807	 628	 385	  241780
      1808	 619	 380	  235220
      1809	 608	 369	  224352
      1810	 605	 353	  213565
      1811	 601	 346	  207946
      1812	 601	 338	  203138
      1813	 599	 331	  198269
      1814	 601	 327	  196527
      1815	 597	 336	  200592
      1816	 598	 329	  196742
      1817	 594	 333	  197802
      1818	 596	 327	  194892
      1819	 594	 330	  196020
      1820	 597	 322	  192234
      1821	 598	 326	  194948
      1822	 605	 323	  195415
      1823	 610	 326	  198860
      1824	 622	 321	  199662
      1825	 631	 329	  207599
      1826	 645	 327	  210915
      1827	 656	 331	  217136
      1828	 671	 334	  224114
      1829	 677	 347	  234919
      1830	 682	 349	  238018
      1831	 677	 362	  245074
      1832	 670	 367	  245890
      1833	 658	 377	  248066
      1834	 646	 376	  242896
      1835	 628	 385	  241780
      1836	 619	 380	  235220
      1837	 608	 369	  224352
      1838	 605	 353	  213565
      1839	 601	 346	  207946
      1840	 601	 338	  203138
      1841	 599	 331	  198269
      1842	 601	 327	  196527
      1843	 597	 336	  200592
      1844	 598	 329	  196742
      1845	 594	 333	  197802
      1846	 596	 327	  194892
      1847	 594	 330	  196020
      1848	 597	 322	  192234
      1849	 598	 326	  194948
      1850	 605	 323	  195415
      1851	 610	 326	  198860
      1852	 622	 321	  199662
      1853	 631	 329	  207599
      1854	 645	 327	  210915
      1855	 656	 331	  217136
      1856	 671	 334	  224114
      1857	 677	 347	  234919
      1858	 682	 349	  238018
      1859	 677	 362	  245074
      1860	 670	 367	  245890
      1861	 658	 377	  248066
      1862	 646	 376	  242896
      1863	 628	 385	  241780
      1864	 619	 380	  235220
      1865	 608	 369	  224352
      1866	 605	 353	  213565
      1867	 601	 346	  207946
      1868	 601	 338	  203138
      1869	 599	 331	  198269
      1870	 601	 327	  196527
      1871	 597	 336	  200592
      1872	 598	 329	  196742
      1873	 594	 333	  197802
      1874	 596	 327	  194892
      1875	 594	 330	  196020
      1876	 597	 322	  192234
      1877	 598	 326	  194948
      1878	 605	 323	  195415
      1879	 610	 326	  198860
      1880	 622	 321	  199662
      1881	 631	 329	  207599
      1882	 645	 327	  210915
      1883	 656	 331	  217136
      1884	 671	 334	  224114
      1885	 677	 347	  234919
      1886	 682	 349	  238018
      1887	 677	 362	  245074
      1888	 670	 367	  245890
      1889	 658	 377	  248066
      1890	 646	 376	  242896
      1891	 628	 385	  241780
      1892	 619	 380	  235220
      1893	 608	 369	  224352
      1894	 605	 353	  213565
      1895	 601	 346	  207946
      1896	 601	 338	  203138
      1897	 599	 331	  198269
      1898	 601	 327	  196527
      1899	 597	 336	  200592
      1900	 598	 329	  196742
      1901	 594	 333	  197802
      1902	 596	 327	  194892
      1903	 594	 330	  196020
      1904	 597	 322	  192234
      1905	 598	 326	  194948
      1906	 605	 323	  195415
      1907	 610	 326	  198860
      1908	 622	 321	  199662
      1909	 631	 329	  207599
      1910	 645	 327	  210915
      1911	 656	 331	  217136
      1912	 671	 334	  224114
      1913	 677	 347	  234919
      1914	 682	 349	  238018
      1915	 677	 362	  245074
      1916	 670	 367	  245890
      1917	 658	 377	  248066
      1918	 646	 376	  242896
      1919	 628	 385	  241780
      1920	 619	 380	  235220
      1921	 608	 369	  224352
      1922	 605	 353	  213565
      1923	 601	 346	  207946
      1924	 601	 338	  203138
      1925	 599	 331	  198269
      1926	 601	 327	  196527
      1927	 597	 336	  200592
      1928	 598	 329	  196742
      1929	 594	 333	  197802
      1930	 596	 327	  194892
      1931	 594	 330	  196020
      1932	 597	 322	  192234
      1933	 598	 326	  194948
      1934	 605	 323	  195415
      1935	 610	 326	  198860
      1936	 622	 321	  199662
      1937	 631	 329	  207599
      1938	 645	 327	  210915
      1939	 656	 331	  217136
      1940	 671	 334	  224114
      1941	 677	 347	  234919
      1942	 682	 349	  238018
      1943	 677	 362	  245074
      1944	 670	 367	  245890
      1945	 658	 377	  248066
      1946	 646	 376	  242896
      1947	 628	 385	  241780
      1948	 619	 380	  235220
      1949	 608	 369	  224352
      1950	 605	 353	  213565
      1951	 601	 346	  207946
      1952	 601	 338	  203138
      1953	 599	 331	  198269
      1954	 601	 327	  196527
      1955	 597	 336	  200592
      1956	 598	 329	  196742
      1957	 594	 333	  197802
      1958	 596	 327	  194892
      1959	 594	 330	  196020
      1960	 597	 322	  192234
      1961	 598	 326	  194948
      1962	 605	 323	  195415
      1963	 610	 326	  198860
      1964	 622	 321	  199662
      1965	 631	 329	  207599
      1966	 645	 327	  210915
      1967	 656	 331	  217136
      1968	 671	 334	  224114
      1969	 677	 347	  234919
      1970	 682	 349	  238018
      1971	 677	 362	  245074
      1972	 670	 367	  245890
      1973	 658	 377	  248066
      1974	 646	 376	  242896
      1975	 628	 385	  241780
      1976	 619	 380	  235220
      1977	 608	 369	  224352
      1978	 605	 353	  213565
      1979	 601	 346	  207946
      1980	 601	 338	  203138
      1981	 599	 331	  198269
      1982	 601	 327	  196527
      1983	 597	 336	  200592
      1984	 598	 329	  196742
      1985	 594	 333	  197802
      1986	 596	 327	  194892
      1987	 594	 330	  196020
      1988	 597	 322	  192234
      1989	 598	 326	  194948
      1990	 605	 323	  195415
      1991	 610	 326	  198860
      1992	 622	 321	  199662
      1993	 631	 329	  207599
      1994	 645	 327	  210915
      1995	 656	 331	  217136
      1996	 671	 334	  224114
      1997	 677	 347	  234919
      1998	 682	 349	  238018
      1999	 677	 362	  245074
      2000	 670	 367	  245890
      2000	 670	 367	  245890
